a <- 10
b <- 10
a+b
n <- 20